加油     926    0.014760265238459577     2.046647219206693
中国     773    0.012321474113746494     2.205669485464597
我们     677    0.010791252231573577     2.3244997756994406
致敬     587    0.00935666921703647     2.4540551327367393
辛苦     526    0.008384340729405764     2.554807431770898
你们     506    0.008065544503953073     2.590612955455941
疫情     431    0.006870058658505484     2.7398665692075714
英雄     354    0.005642693190512625     2.925073366089096
希望     329    0.005244197908696761     2.9945157283917867
国家     284    0.004526906401428207     3.1347284604740113
他们     265    0.004224049987248151     3.201057642352706
平安     248    0.003953073195613364     3.2647431348684863
一定     221    0.0035226982912522314     3.3758408986831783
一线     216    0.0034429992348890587     3.3979513783483077
一个     213    0.0033951798010711555     3.4114730442403594
反对     208    0.0033154807447079828     3.4344523568309238
真的     194    0.003092323386891099     3.501959712989288
武汉     193    0.0030763835756184646     3.5069723192073883
自己     183    0.002916985462892119     3.558621386834383
人民     180    0.002869166029074216     3.574683726367582
