加油    2058    0.021278795649117003     1.5719106140127135
我们     928    0.009595103188717482     2.247313842573795
武汉     890    0.009202200256420861     2.2847871964547055
中国     646    0.006679349849042558     2.5769042847160244
疫情     587    0.006069316348897804     2.665712767761906
你们     530    0.005479961950452872     2.76108411809169
致敬     515    0.005324868687704206     2.788003285640968
口罩     483    0.004994003060507052     2.8483221103405754
希望     447    0.004621779229910253     2.9214521991711204
一线     444    0.00459076057736052     2.9278247202320604
物资     419    0.004332271806112742     2.982760676826073
辛苦     400    0.004135820339964432     3.026867502484702
一定     353    0.0036498614500186113     3.1461528160688346
真的     328    0.0033913726787708344     3.2165560631295547
他们     318    0.0032879771702717235     3.246295196604531
一个     308    0.0031845816617726125     3.277022206495668
自己     303    0.003132883907523057     3.2927763261849767
医护人员   299    0.0030915257041234127     3.3055750015118743
平安     291    0.0030088092973241244     3.3317134716188113
人民     288    0.002977790644774391     3.341707821438032
