加油     757    0.014129724685020998     2.1589252068261704
中国     623    0.011628558096126925     2.3330940584703392
我们     555    0.010359309379374708     2.43802906987712
致敬     553    0.01032197853476435     2.4413244197441983
美国     516    0.009631357909472702     2.50473460989397
你们     424    0.007914139057396173     2.6864346106262698
疫情     399    0.007447503499766682     2.743181850812056
英雄     321    0.005991600559962669     2.948039637721054
辛苦     285    0.005319645356976202     3.061092825152977
一起     230    0.004293047130191321     3.2664229807980356
希望     217    0.004050396640223985     3.322446721679892
感谢     208    0.0038824078394773683     3.3633091137426527
他们     193    0.0036024265048996734     3.4356572115532997
一个     185    0.003453103126458236     3.476655792913749
抗疫     184    0.0034344377041530564     3.4819087620453275
祝福     179    0.0033411105926271583     3.5086228030401494
自己     170    0.0031731217918805413     3.558703769336386
特朗普    165    0.003079794680354643     3.5877188606314356
武汉     165    0.003079794680354643     3.5877188606314356
国家     164    0.0030611292580494634     3.5936302480604305
