加油     466    0.031488614095547     1.4022606396203778
北京     319    0.02155551050746672     1.700464207349212
中国     117    0.007905939590512872     2.5806052545340896
我们     110    0.007432934657747145     2.637757784273173
疫情      86    0.005811203459693223     2.8681631377438865
致敬      70    0.004730049327657274     3.0633909220278057
辛苦      69    0.004662477194405028     3.077111879822369
可以      62    0.0041894722616393     3.1793970138944134
希望      62    0.0041894722616393     3.1793970138944134
抗疫      54    0.0036488951956213257     3.312163759291758
一定      48    0.003243462396107845     3.4258899942525267
他们      48    0.003243462396107845     3.4258899942525267
国家      47    0.003175890262855598     3.446265667063862
真的      43    0.0029056017298466114     3.532497604907875
检测      42    0.0028380295965943643     3.5553480614894135
现在      42    0.0028380295965943643     3.5553480614894135
美国      41    0.0027704574633421178     3.5787651094695696
就是      40    0.0027028853300898707     3.6027767550605247
你们      39    0.002635313196837624     3.627413132013335
没有      39    0.002635313196837624     3.627413132013335
